truncate `huodong_exp` ;
INSERT INTO `huodong_exp` (`id`, `name`, `type`, `exp1`, `exp2`, `exp3`, `exp4`, `exp5`, `exp6`, `exp7`, `exp8`, `exp9`, `exp10`, `exp11`, `exp12`, `exp13`, `exp14`, `exp15`, `exp16`, `exp17`, `exp18`, `exp19`, `exp20`, `exp21`, `exp22`, `exp23`, `exp24`, `exp25`, `exp26`, `exp27`, `exp28`, `exp29`, `exp30`, `exp31`, `exp32`, `exp33`, `exp34`, `exp35`, `exp36`, `exp37`, `exp38`, `exp39`, `exp40`, `exp41`, `exp42`, `exp43`, `exp44`, `exp45`, `exp46`, `exp47`, `exp48`, `exp49`, `exp50`, `exp51`, `exp52`, `exp53`, `exp54`, `exp55`, `exp56`, `exp57`, `exp58`, `exp59`, `exp60`, `exp61`, `exp62`, `exp63`, `exp64`, `exp65`, `exp66`, `exp67`, `exp68`, `exp69`, `exp70`, `exp71`, `exp72`, `exp73`, `exp74`, `exp75`, `exp76`, `exp77`, `exp78`, `exp79`, `exp80`, `exp81`, `exp82`, `exp83`, `exp84`, `exp85`, `exp86`, `exp87`, `exp88`, `exp89`, `exp90`, `exp91`, `exp92`, `exp93`, `exp94`, `exp95`, `exp96`, `exp97`, `exp98`, `exp99`, `exp100`, `exp101`, `exp102`, `exp103`, `exp104`, `exp105`, `exp106`, `exp107`, `exp108`, `exp109`, `exp110`, `exp111`, `exp112`, `exp113`, `exp114`, `exp115`, `exp116`, `exp117`, `exp118`, `exp119`, `exp120`, `exp121`, `exp122`, `exp123`, `exp124`, `exp125`, `exp126`, `exp127`, `exp128`, `exp129`, `exp130`) VALUES
(1, '初级寻宠', 1, 0, 0, 0, 0, 0, 0, 0, 0, 0, 0, 0, 0, 0, 0, 0, 0, 0, 0, 0, 0, 0, 0, 0, 0, 0, 0, 0, 0, 0, 0, 0, 0, 0, 0, 0, 0, 0, 0, 0, 0, 0, 0, 0, 0, 0, 0, 0, 0, 0, 0, 0, 0, 0, 0, 0, 0, 0, 0, 0, 0, 0, 0, 0, 0, 0, 0, 0, 0, 0, 0, 0, 0, 0, 0, 0, 0, 0, 0, 0, 0, 0, 0, 0, 0, 0, 0, 0, 0, 0, 0, 0, 0, 0, 0, 0, 0, 0, 0, 0, 0, 0, 0, 0, 0, 0, 0, 0, 0, 0, 0, 0, 0, 0, 0, 0, 0, 0, 0, 0, 0, 0, 0, 0, 0, 0, 0, 0, 0, 0, 0),
(2, '强化区', 2, 0, 0, 0, 0, 0, 0, 0, 0, 0, 0, 0, 0, 0, 0, 0, 0, 0, 0, 0, 0, 0, 0, 0, 0, 0, 0, 0, 0, 0, 0, 0, 0, 0, 0, 0, 0, 0, 0, 0, 0, 0, 0, 0, 0, 0, 0, 0, 0, 0, 0, 0, 0, 0, 0, 0, 0, 0, 0, 0, 0, 0, 0, 0, 0, 0, 0, 0, 0, 0, 0, 0, 0, 0, 0, 0, 0, 0, 0, 0, 0, 0, 0, 0, 0, 0, 0, 0, 0, 0, 0, 0, 0, 0, 0, 0, 0, 0, 0, 0, 0, 0, 0, 0, 0, 0, 0, 0, 0, 0, 0, 0, 0, 0, 0, 0, 0, 0, 0, 0, 0, 0, 0, 0, 0, 0, 0, 0, 0, 0, 0),
(3, '金币区', 3, 0, 0, 0, 0, 0, 0, 0, 0, 0, 0, 0, 0, 0, 0, 0, 0, 0, 0, 0, 0, 0, 0, 0, 0, 0, 0, 0, 0, 0, 0, 0, 0, 0, 0, 0, 0, 0, 0, 0, 0, 0, 0, 0, 0, 0, 0, 0, 0, 0, 0, 0, 0, 0, 0, 0, 0, 0, 0, 0, 0, 0, 0, 0, 0, 0, 0, 0, 0, 0, 0, 0, 0, 0, 0, 0, 0, 0, 0, 0, 0, 0, 0, 0, 0, 0, 0, 0, 0, 0, 0, 0, 0, 0, 0, 0, 0, 0, 0, 0, 0, 0, 0, 0, 0, 0, 0, 0, 0, 0, 0, 0, 0, 0, 0, 0, 0, 0, 0, 0, 0, 0, 0, 0, 0, 0, 0, 0, 0, 0, 0),
(4, '升阶区', 4, 0, 0, 0, 0, 0, 0, 0, 0, 0, 0, 0, 0, 0, 0, 0, 0, 0, 0, 0, 0, 0, 0, 0, 0, 0, 0, 0, 0, 0, 0, 0, 0, 0, 0, 0, 0, 0, 0, 0, 0, 0, 0, 0, 0, 0, 0, 0, 0, 0, 0, 0, 0, 0, 0, 0, 0, 0, 0, 0, 0, 0, 0, 0, 0, 0, 0, 0, 0, 0, 0, 0, 0, 0, 0, 0, 0, 0, 0, 0, 0, 0, 0, 0, 0, 0, 0, 0, 0, 0, 0, 0, 0, 0, 0, 0, 0, 0, 0, 0, 0, 0, 0, 0, 0, 0, 0, 0, 0, 0, 0, 0, 0, 0, 0, 0, 0, 0, 0, 0, 0, 0, 0, 0, 0, 0, 0, 0, 0, 0, 0),
(5, '潜能区', 5, 0, 0, 0, 0, 0, 0, 0, 0, 0, 0, 0, 0, 0, 0, 0, 0, 0, 0, 0, 0, 0, 0, 0, 0, 0, 0, 0, 0, 0, 0, 0, 0, 0, 0, 0, 0, 0, 0, 0, 0, 0, 0, 0, 0, 0, 0, 0, 0, 0, 0, 0, 0, 0, 0, 0, 0, 0, 0, 0, 0, 0, 0, 0, 0, 0, 0, 0, 0, 0, 0, 0, 0, 0, 0, 0, 0, 0, 0, 0, 0, 0, 0, 0, 0, 0, 0, 0, 0, 0, 0, 0, 0, 0, 0, 0, 0, 0, 0, 0, 0, 0, 0, 0, 0, 0, 0, 0, 0, 0, 0, 0, 0, 0, 0, 0, 0, 0, 0, 0, 0, 0, 0, 0, 0, 0, 0, 0, 0, 0, 0),
(6, '多人闯关', 6, 0.165322581, 0.165322581, 0.165322581, 0.165322581, 0.165322581, 0.165322581, 0.165322581, 0.165322581, 0.165322581, 0.165322581, 0.165322581, 0.165322581, 0.165322581, 0.165322581, 0.165322581, 0.165322581, 0.165322581, 0.165322581, 0.165322581, 0.165322581, 0.165322581, 0.165322581, 0.165322581, 0.165322581, 0.165322581, 0.165322581, 0.165322581, 0.165322581, 0.165322581, 0.165322581, 0.165322581, 0.165322581, 0.165322581, 0.165322581, 0.165322581, 0.165322581, 0.165322581, 0.165322581, 0.165322581, 0.095238095, 0.092912705, 0.064365126, 0.049342105, 0.038333333, 0.035714286, 0.035714286, 0.070140481, 0.068587106, 0.068616635, 0.067259934, 0.067286208, 0.067311528, 0.067335945, 0.037957661, 0.051918242, 0.049990519, 0.050008052, 0.050025013, 0.050041428, 0.03413533, 0.043926805, 0.043940592, 0.043953963, 0.043966937, 0.031214243, 0.037807688, 0.037818415, 0.037828841, 0.026616842, 0.031259552, 0.031267883, 0.021360515, 0.031283891, 0.031291585, 0.02137744, 0.011557884, 0.007889523, 0.005989459, 0.004827405, 0.004043297, 0.006377894, 0.004307825, 0.003252593, 0.00261283, 0.002183521, 0.00325463, 0.002184408, 0.001644016, 0.001318067, 0.001100047, 0.00218607, 0.001464044, 0.001100645, 0.000881834, 0.000735636, 0.001646373, 0.001101388, 0.000827541, 0.000662795, 0.000552781, 0.001366157, 0.001366157, 0.001366157, 0.001366157, 0.001366157, 0.001366157, 0.001366157, 0.001366157, 0.001366157, 0.001366157, 0.001366157, 0.001366157, 0.001366157, 0.001366157, 0.001366157, 0.001366157, 0.001366157, 0.001366157, 0.001366157, 0.001366157, 0.001366157, 0.001366157, 0.001366157, 0.001366157, 0.001366157, 0.001366157, 0.001366157, 0.001366157, 0.001366157, 0.001366157),
(7, '通天塔', 7, 0, 0, 0, 0, 0, 0, 0, 0, 0, 0, 0, 0, 0, 0, 0, 0, 0, 0, 0, 0, 0, 0, 0, 0, 0, 0, 0, 0, 0, 0, 0, 0, 0, 0, 0, 0, 0, 0, 0, 0, 0, 0, 0, 0, 0, 0, 0, 0, 0, 0, 0, 0, 0, 0, 0, 0, 0, 0, 0, 0, 0, 0, 0, 0, 0, 0, 0, 0, 0, 0, 0, 0, 0, 0, 0, 0, 0, 0, 0, 0, 0, 0, 0, 0, 0, 0, 0, 0, 0, 0, 0, 0, 0, 0, 0, 0, 0, 0, 0, 0, 0, 0, 0, 0, 0, 0, 0, 0, 0, 0, 0, 0, 0, 0, 0, 0, 0, 0, 0, 0, 0, 0, 0, 0, 0, 0, 0, 0, 0, 0),
(8, '灵气捐献', 8, 0.661290323, 0.661290323, 0.661290323, 0.661290323, 0.661290323, 0.661290323, 0.661290323, 0.661290323, 0.661290323, 0.661290323, 0.661290323, 0.661290323, 0.661290323, 0.661290323, 0.661290323, 0.661290323, 0.661290323, 0.661290323, 0.661290323, 0.661290323, 0.661290323, 0.661290323, 0.661290323, 0.661290323, 0.661290323, 0.661290323, 0.661290323, 0.661290323, 0.661290323, 0.661290323, 0.661290323, 0.661290323, 0.661290323, 0.661290323, 0.661290323, 0.661290323, 0.639344262, 0.650406504, 0.661290323, 0.380952381, 0.371650821, 0.257460503, 0.197368421, 0.153333333, 0.142857143, 0.142857143, 0.280561925, 0.274348422, 0.274466539, 0.269039735, 0.26914483, 0.269246111, 0.269343781, 0.151830644, 0.20767297, 0.199962076, 0.200032209, 0.20010005, 0.200165711, 0.13654132, 0.175707222, 0.175762369, 0.175815853, 0.175867747, 0.124856974, 0.151230751, 0.151273658, 0.151315363, 0.106467368, 0.125038206, 0.125071531, 0.085442059, 0.125135564, 0.125166339, 0.08550976, 0.046231537, 0.031558091, 0.023957834, 0.019309621, 0.016173187, 0.025511576, 0.017231299, 0.01301037, 0.010451321, 0.008734085, 0.013018522, 0.008737633, 0.006576063, 0.005272268, 0.004400187, 0.008744279, 0.005856178, 0.004402581, 0.003527337, 0.002942544, 0.00658549, 0.004405551, 0.003310162, 0.00265118, 0.002211123, 0.004918165, 0.004918165, 0.004918165, 0.004918165, 0.004918165, 0.004918165, 0.004918165, 0.004918165, 0.004918165, 0.004918165, 0.004918165, 0.004918165, 0.004918165, 0.004918165, 0.004918165, 0.004918165, 0.004918165, 0.004918165, 0.004918165, 0.004918165, 0.004918165, 0.004918165, 0.004918165, 0.004918165, 0.004918165, 0.004918165, 0.004918165, 0.004918165, 0.004918165, 0.004918165),
(9, '师门任务', 9, 2.018181818, 2.018181818, 2.018181818, 2.018181818, 2.018181818, 2.018181818, 2.018181818, 2.018181818, 2.018181818, 2.018181818, 2.018181818, 2.018181818, 2.018181818, 2.018181818, 2.018181818, 2.018181818, 2.018181818, 2.018181818, 2.018181818, 2.018181818, 2.018181818, 2.018181818, 2.018181818, 2.018181818, 2.018181818, 2.018181818, 2.018181818, 2.018181818, 2, 1.846153846, 1.966236346, 2, 2, 2.009302326, 2.018181818, 2, 1.918032787, 1.951219512, 1.983870968, 1.142857143, 1.114952463, 0.77238151, 0.592105263, 0.46, 0.428571429, 0.428571429, 0.841685776, 0.823045267, 0.823399618, 0.807119205, 0.807434491, 0.807738333, 0.808031342, 0.455491931, 0.623018909, 0.599886228, 0.600096626, 0.60030015, 0.600497133, 0.409623961, 0.527121665, 0.527287108, 0.52744756, 0.527603242, 0.374570921, 0.453692254, 0.453820975, 0.453946088, 0.319402103, 0.375114618, 0.375214592, 0.256326176, 0.375406691, 0.375499018, 0.256529281, 0.138694611, 0.094674273, 0.071873503, 0.057928864, 0.048519562, 0.076534729, 0.051693898, 0.03903111, 0.031353963, 0.026202254, 0.039055565, 0.026212899, 0.019728189, 0.015816803, 0.013200562, 0.026232838, 0.017568534, 0.013207744, 0.010582011, 0.008827631, 0.019756471, 0.013216653, 0.009930487, 0.007953539, 0.00663337, 0.016393882, 0.016393882, 0.016393882, 0.016393882, 0.016393882, 0.016393882, 0.016393882, 0.016393882, 0.016393882, 0.016393882, 0.016393882, 0.016393882, 0.016393882, 0.016393882, 0.016393882, 0.016393882, 0.016393882, 0.016393882, 0.016393882, 0.016393882, 0.016393882, 0.016393882, 0.016393882, 0.016393882, 0.016393882, 0.016393882, 0.016393882, 0.016393882, 0.016393882, 0.016393882),
(10, '每日答题', 10, 0, 0, 0, 0, 0, 0, 0, 0, 0, 0, 0, 0, 0, 0, 0, 0, 0, 0, 0, 0, 0, 0, 0, 0, 0, 0, 0, 0, 0, 0, 0, 0, 0, 0, 0, 0, 0, 0, 0, 0, 0, 0, 0, 0, 0, 0, 0, 0, 0, 0, 0, 0, 0, 0, 0, 0, 0, 0, 0, 0, 0, 0, 0, 0, 0, 0, 0, 0, 0, 0, 0, 0, 0, 0, 0, 0, 0, 0, 0, 0, 0, 0, 0, 0, 0, 0, 0, 0, 0, 0, 0, 0, 0, 0, 0, 0, 0, 0, 0, 0, 0, 0, 0, 0, 0, 0, 0, 0, 0, 0, 0, 0, 0, 0, 0, 0, 0, 0, 0, 0, 0, 0, 0, 0, 0, 0, 0, 0, 0, 0),
(11, '钓鱼', 11, 0.168181818, 0.168181818, 0.168181818, 0.168181818, 0.168181818, 0.168181818, 0.168181818, 0.168181818, 0.168181818, 0.168181818, 0.168181818, 0.168181818, 0.168181818, 0.168181818, 0.168181818, 0.168181818, 0.168181818, 0.168181818, 0.168181818, 0.168181818, 0.168181818, 0.168181818, 0.168181818, 0.168181818, 0.168181818, 0.168181818, 0.168181818, 0.168181818, 0.168181818, 0.153846154, 0.163853029, 0.166666667, 0.166666667, 0.16744186, 0.168181818, 0.166666667, 0.159836066, 0.162601626, 0.165322581, 0.095238095, 0.092912705, 0.064365126, 0.049342105, 0.038333333, 0.035714286, 0.035714286, 0.070140481, 0.068587106, 0.068616635, 0.067259934, 0.067286208, 0.067311528, 0.067335945, 0.037957661, 0.051918242, 0.049990519, 0.050008052, 0.050025013, 0.050041428, 0.03413533, 0.043926805, 0.043940592, 0.043953963, 0.043966937, 0.031214243, 0.037807688, 0.037818415, 0.037828841, 0.026616842, 0.031259552, 0.031267883, 0.021360515, 0.031283891, 0.031291585, 0.02137744, 0.011557884, 0.007889523, 0.005989459, 0.004827405, 0.004043297, 0.006377894, 0.004307825, 0.003252593, 0.00261283, 0.002183521, 0.00325463, 0.002184408, 0.001644016, 0.001318067, 0.001100047, 0.00218607, 0.001464044, 0.001100645, 0.000881834, 0.000735636, 0.001646373, 0.001101388, 0.000827541, 0.000662795, 0.000552781, 0.001366157, 0.001366157, 0.001366157, 0.001366157, 0.001366157, 0.001366157, 0.001366157, 0.001366157, 0.001366157, 0.001366157, 0.001366157, 0.001366157, 0.001366157, 0.001366157, 0.001366157, 0.001366157, 0.001366157, 0.001366157, 0.001366157, 0.001366157, 0.001366157, 0.001366157, 0.001366157, 0.001366157, 0.001366157, 0.001366157, 0.001366157, 0.001366157, 0.001366157, 0.001366157),
(12, '昆仑山', 12, 0.166666667, 0.166666667, 0.166666667, 0.166666667, 0.166666667, 0.166666667, 0.166666667, 0.166666667, 0.166666667, 0.166666667, 0.166666667, 0.166666667, 0.166666667, 0.166666667, 0.166666667, 0.166666667, 0.166666667, 0.166666667, 0.166666667, 0.166666667, 0.166666667, 0.166666667, 0.166666667, 0.166666667, 0.166666667, 0.166666667, 0.166666667, 0.166666667, 0.166666667, 0.166666667, 0.166666667, 0.166666667, 0.166666667, 0.166666667, 0.166666667, 0.166666667, 0.159836066, 0.162601626, 0.165322581, 0.095238095, 0.092912705, 0.064365126, 0.049342105, 0.038333333, 0.035714286, 0.035714286, 0.070140481, 0.068587106, 0.068616635, 0.067259934, 0.067286208, 0.067311528, 0.067335945, 0.037957661, 0.051918242, 0.049990519, 0.050008052, 0.050025013, 0.050041428, 0.03413533, 0.043926805, 0.043940592, 0.043953963, 0.043966937, 0.031214243, 0.037807688, 0.037818415, 0.037828841, 0.026616842, 0.031259552, 0.031267883, 0.021360515, 0.031283891, 0.031291585, 0.02137744, 0.011557884, 0.007889523, 0.005989459, 0.004827405, 0.004043297, 0.006377894, 0.004307825, 0.003252593, 0.00261283, 0.002183521, 0.00325463, 0.002184408, 0.001644016, 0.001318067, 0.001100047, 0.00218607, 0.001464044, 0.001100645, 0.000881834, 0.000735636, 0.001646373, 0.001101388, 0.000827541, 0.000662795, 0.000552781, 0.001366157, 0.001366157, 0.001366157, 0.001366157, 0.001366157, 0.001366157, 0.001366157, 0.001366157, 0.001366157, 0.001366157, 0.001366157, 0.001366157, 0.001366157, 0.001366157, 0.001366157, 0.001366157, 0.001366157, 0.001366157, 0.001366157, 0.001366157, 0.001366157, 0.001366157, 0.001366157, 0.001366157, 0.001366157, 0.001366157, 0.001366157, 0.001366157, 0.001366157, 0.001366157),
(13, '竞技场', 13, 0.336363636, 0.336363636, 0.336363636, 0.336363636, 0.336363636, 0.336363636, 0.336363636, 0.336363636, 0.336363636, 0.336363636, 0.336363636, 0.336363636, 0.336363636, 0.336363636, 0.336363636, 0.336363636, 0.336363636, 0.336363636, 0.336363636, 0.336363636, 0.336363636, 0.336363636, 0.336363636, 0.336363636, 0.336363636, 0.336363636, 0.336363636, 0.336363636, 0.336363636, 0.336363636, 0.327706058, 0.333333333, 0.333333333, 0.334883721, 0.336363636, 0.333333333, 0.319672131, 0.325203252, 0.330645161, 0.19047619, 0.185825411, 0.128730252, 0.098684211, 0.076666667, 0.071428571, 0.071428571, 0.140280963, 0.137174211, 0.13723327, 0.134519868, 0.134572415, 0.134623055, 0.13467189, 0.075915322, 0.103836485, 0.099981038, 0.100016104, 0.100050025, 0.100082855, 0.06827066, 0.087853611, 0.087881185, 0.087907927, 0.087933874, 0.062428487, 0.075615376, 0.075636829, 0.075657681, 0.053233684, 0.062519103, 0.062535765, 0.042721029, 0.062567782, 0.06258317, 0.04275488, 0.023115769, 0.015779045, 0.011978917, 0.009654811, 0.008086594, 0.012755788, 0.00861565, 0.006505185, 0.00522566, 0.004367042, 0.006509261, 0.004368816, 0.003288032, 0.002636134, 0.002200094, 0.00437214, 0.002928089, 0.002201291, 0.001763668, 0.001471272, 0.003292745, 0.002202775, 0.001655081, 0.00132559, 0.001105562, 0.005464627, 0.005464627, 0.005464627, 0.005464627, 0.005464627, 0.005464627, 0.005464627, 0.005464627, 0.005464627, 0.005464627, 0.005464627, 0.005464627, 0.005464627, 0.005464627, 0.005464627, 0.005464627, 0.005464627, 0.005464627, 0.005464627, 0.005464627, 0.005464627, 0.005464627, 0.005464627, 0.005464627, 0.005464627, 0.005464627, 0.005464627, 0.005464627, 0.005464627, 0.005464627),
(14, '积分任务', 14, 0, 0, 0, 0, 0, 0, 0, 0, 0, 0, 0, 0, 0, 0, 0, 0, 0, 0, 0, 0, 0, 0, 0, 0, 0, 0, 0, 0, 0, 0, 0, 0, 0, 0, 0, 0, 0, 0, 0, 0, 0, 0, 0, 0, 0, 0, 0, 0, 0, 0, 0, 0, 0, 0, 0, 0, 0, 0, 0, 0, 0, 0, 0, 0, 0, 0, 0, 0, 0, 0, 0, 0, 0, 0, 0, 0, 0, 0, 0, 0, 0, 0, 0, 0, 0, 0, 0, 0, 0, 0, 0, 0, 0, 0, 0, 0, 0, 0, 0, 0, 0, 0, 0, 0, 0, 0, 0, 0, 0, 0, 0, 0, 0, 0, 0, 0, 0, 0, 0, 0, 0, 0, 0, 0, 0, 0, 0, 0, 0, 0),
(15, '奇袭鬼域', 15, 0, 0, 0, 0, 0, 0, 0, 0, 0, 0, 0, 0, 0, 0, 0, 0, 0, 0, 0, 0, 0, 0, 0, 0, 0, 0, 0, 0, 0, 0, 0, 0, 0, 0, 0, 0, 0, 0, 0, 0, 0, 0, 0, 0, 0, 0, 0, 0, 0, 0, 0, 0, 0, 0, 0, 0, 0, 0, 0, 0, 0, 0, 0, 0, 0, 0, 0, 0, 0, 0, 0, 0, 0, 0, 0, 0, 0, 0, 0, 0, 0, 0, 0, 0, 0, 0, 0, 0, 0, 0, 0, 0, 0, 0, 0, 0, 0, 0, 0, 0, 0, 0, 0, 0, 0, 0, 0, 0, 0, 0, 0, 0, 0, 0, 0, 0, 0, 0, 0, 0, 0, 0, 0, 0, 0, 0, 0, 0, 0, 0),
(16, '伏妖镇魔', 16, 0, 0, 0, 0, 0, 0, 0, 0, 0, 0, 0, 0, 0, 0, 0, 0, 0, 0, 0, 0, 0, 0, 0, 0, 0, 0, 0, 0, 0, 0, 0, 0, 0, 0, 0, 0, 0, 0, 0, 0, 0, 0, 0, 0, 0, 0, 0, 0, 0, 0, 0, 0, 0, 0, 0, 0, 0, 0, 0, 0, 0, 0, 0, 0, 0, 0, 0, 0, 0, 0, 0, 0, 0, 0, 0, 0, 0, 0, 0, 0, 0, 0, 0, 0, 0, 0, 0, 0, 0, 0, 0, 0, 0, 0, 0, 0, 0, 0, 0, 0, 0, 0, 0, 0, 0, 0, 0, 0, 0, 0, 0, 0, 0, 0, 0, 0, 0, 0, 0, 0, 0, 0, 0, 0, 0, 0, 0, 0, 0, 0),
(17, '护送任务', 17, 0.561123851, 0.561123851, 0.561123851, 0.561123851, 0.561123851, 0.561123851, 0.561123851, 0.561123851, 0.561123851, 0.561123851, 0.561123851, 0.561123851, 0.561123851, 0.561123851, 0.561123851, 0.561123851, 0.561123851, 0.561123851, 0.561123851, 0.561123851, 0.561123851, 0.561123851, 0.561123851, 0.561123851, 0.561123851, 0.561123851, 0.561123851, 0.561123851, 0.561123851, 0.561123851, 0.561123851, 0.561123851, 0.561123851, 0.561123851, 0.561123851, 0.561123851, 0.561123851, 0.561123851, 0.561123851, 0.561123851, 0.561123851, 0.514921006, 0.394736842, 0.306666667, 0.285714286, 0.285714286, 0.561123851, 0.548696845, 0.548933079, 0.53807947, 0.538289661, 0.538492222, 0.538687561, 0.303661288, 0.415345939, 0.399924152, 0.400064417, 0.4002001, 0.400331422, 0.273082641, 0.351414443, 0.351524739, 0.351631706, 0.351735495, 0.249713947, 0.302461503, 0.302547317, 0.302630726, 0.212934736, 0.250076412, 0.250143061, 0.170884117, 0.250271127, 0.250332679, 0.171019521, 0.092463074, 0.063116182, 0.047915668, 0.038619243, 0.032346374, 0.051023153, 0.034462599, 0.02602074, 0.020902642, 0.01746817, 0.026037044, 0.017475266, 0.013152126, 0.010544535, 0.008800375, 0.017488558, 0.011712356, 0.008805163, 0.007054674, 0.005885088, 0.013170981, 0.008811102, 0.006620324, 0.005302359, 0.004422247, 0.010929255, 0.010929255, 0.010929255, 0.010929255, 0.010929255, 0.010929255, 0.010929255, 0.010929255, 0.010929255, 0.010929255, 0.010929255, 0.010929255, 0.010929255, 0.010929255, 0.010929255, 0.010929255, 0.010929255, 0.010929255, 0.010929255, 0.010929255, 0.010929255, 0.010929255, 0.010929255, 0.010929255, 0.010929255, 0.010929255, 0.010929255, 0.010929255, 0.010929255, 0.010929255),
(18, '押运镖车', 18, 0, 0, 0, 0, 0, 0, 0, 0, 0, 0, 0, 0, 0, 0, 0, 0, 0, 0, 0, 0, 0, 0, 0, 0, 0, 0, 0, 0, 0, 0, 0, 0, 0, 0, 0, 0, 0, 0, 0, 0, 0, 0, 0, 0, 0, 0, 0, 0, 0, 0, 0, 0, 0, 0, 0, 0, 0, 0, 0, 0, 0, 0, 0, 0, 0, 0, 0, 0, 0, 0, 0, 0, 0, 0, 0, 0, 0, 0, 0, 0, 0, 0, 0, 0, 0, 0, 0, 0, 0, 0, 0, 0, 0, 0, 0, 0, 0, 0, 0, 0, 0, 0, 0, 0, 0, 0, 0, 0, 0, 0, 0, 0, 0, 0, 0, 0, 0, 0, 0, 0, 0, 0, 0, 0, 0, 0, 0, 0, 0, 0),
(19, '杀敌夺宝', 19, 0.202007835, 0.202007835, 0.202007835, 0.202007835, 0.202007835, 0.202007835, 0.202007835, 0.202007835, 0.202007835, 0.202007835, 0.202007835, 0.202007835, 0.202007835, 0.202007835, 0.202007835, 0.202007835, 0.202007835, 0.202007835, 0.202007835, 0.202007835, 0.202007835, 0.202007835, 0.202007835, 0.202007835, 0.202007835, 0.202007835, 0.202007835, 0.202007835, 0.202007835, 0.202007835, 0.202007835, 0.202007835, 0.202007835, 0.202007835, 0.202007835, 0.202007835, 0.202007835, 0.202007835, 0.202007835, 0.202007835, 0.202007835, 0.202007835, 0.202007835, 0.202007835, 0.202007835, 0.202007835, 0.202007835, 0.202007835, 0.202007835, 0.201779801, 0.201858623, 0.201934583, 0.202007835, 0.113872983, 0.155754727, 0.149971557, 0.150024156, 0.150075038, 0.150124283, 0.10240599, 0.131780416, 0.131821777, 0.13186189, 0.131900811, 0.09364273, 0.113423064, 0.113455244, 0.113486522, 0.079850526, 0.093778655, 0.093803648, 0.064081544, 0.093851673, 0.093874755, 0.06413232, 0.034673653, 0.023668568, 0.017968376, 0.014482216, 0.01212989, 0.019133682, 0.012923475, 0.009757778, 0.007838491, 0.006550564, 0.009763891, 0.006553225, 0.004932047, 0.003954201, 0.003300141, 0.006558209, 0.004392133, 0.003301936, 0.002645503, 0.002206908, 0.004939118, 0.003304163, 0.002482622, 0.001988385, 0.001658342, 0.002732314, 0.002732314, 0.002732314, 0.002732314, 0.002732314, 0.002732314, 0.002732314, 0.002732314, 0.002732314, 0.002732314, 0.002732314, 0.002732314, 0.002732314, 0.002732314, 0.002732314, 0.002732314, 0.002732314, 0.002732314, 0.002732314, 0.002732314, 0.002732314, 0.002732314, 0.002732314, 0.002732314, 0.002732314, 0.002732314, 0.002732314, 0.002732314, 0.002732314, 0.002732314),
(20, '镶嵌副本', 20, 0, 0, 0, 0, 0, 0, 0, 0, 0, 0, 0, 0, 0, 0, 0, 0, 0, 0, 0, 0, 0, 0, 0, 0, 0, 0, 0, 0, 0, 0, 0, 0, 0, 0, 0, 0, 0, 0, 0, 0, 0, 0, 0, 0, 0, 0, 0, 0, 0, 0, 0, 0, 0, 0, 0, 0, 0, 0, 0, 0, 0, 0, 0, 0, 0, 0, 0, 0, 0, 0, 0, 0, 0, 0, 0, 0, 0, 0, 0, 0, 0, 0, 0, 0, 0, 0, 0, 0, 0, 0, 0, 0, 0, 0, 0, 0, 0, 0, 0, 0, 0, 0, 0, 0, 0, 0, 0, 0, 0, 0, 0, 0, 0, 0, 0, 0, 0, 0, 0, 0, 0, 0, 0, 0, 0, 0, 0, 0, 0, 0),
(21, '淬炼区', 21, 0, 0, 0, 0, 0, 0, 0, 0, 0, 0, 0, 0, 0, 0, 0, 0, 0, 0, 0, 0, 0, 0, 0, 0, 0, 0, 0, 0, 0, 0, 0, 0, 0, 0, 0, 0, 0, 0, 0, 0, 0, 0, 0, 0, 0, 0, 0, 0, 0, 0, 0, 0, 0, 0, 0, 0, 0, 0, 0, 0, 0, 0, 0, 0, 0, 0, 0, 0, 0, 0, 0, 0, 0, 0, 0, 0, 0, 0, 0, 0, 0, 0, 0, 0, 0, 0, 0, 0, 0, 0, 0, 0, 0, 0, 0, 0, 0, 0, 0, 0, 0, 0, 0, 0, 0, 0, 0, 0, 0, 0, 0, 0, 0, 0, 0, 0, 0, 0, 0, 0, 0, 0, 0, 0, 0, 0, 0, 0, 0, 0),
(22, '站铠区', 22, 0, 0, 0, 0, 0, 0, 0, 0, 0, 0, 0, 0, 0, 0, 0, 0, 0, 0, 0, 0, 0, 0, 0, 0, 0, 0, 0, 0, 0, 0, 0, 0, 0, 0, 0, 0, 0, 0, 0, 0, 0, 0, 0, 0, 0, 0, 0, 0, 0, 0, 0, 0, 0, 0, 0, 0, 0, 0, 0, 0, 0, 0, 0, 0, 0, 0, 0, 0, 0, 0, 0, 0, 0, 0, 0, 0, 0, 0, 0, 0, 0, 0, 0, 0, 0, 0, 0, 0, 0, 0, 0, 0, 0, 0, 0, 0, 0, 0, 0, 0, 0, 0, 0, 0, 0, 0, 0, 0, 0, 0, 0, 0, 0, 0, 0, 0, 0, 0, 0, 0, 0, 0, 0, 0, 0, 0, 0, 0, 0, 0),
(23, '帮派', 23, 0.8, 0.8, 0.8, 0.8, 0.8, 0.8, 0.8, 0.8, 0.8, 0.8, 0.8, 0.8, 0.8, 0.8, 0.8, 0.8, 0.8, 0.8, 0.8, 0.8, 0.8, 0.8, 0.8, 0.8, 0.8, 0.8, 0.8, 0.8, 0.8, 0.8, 0.795180723, 0.8, 0.75, 0.710526316, 0.634285714, 0.606382979, 0.557142857, 0.266666667, 0.25, 0.244186047, 0.224396608, 0.215334421, 0.17679558, 0.173442552, 0.167077696, 0.167189133, 0.138548539, 0.116110305, 0.116810612, 0.081491397, 0.080649784, 0.080835802, 0.081522998, 0.044503311, 0.0382968, 0.029696, 0.027879614, 0.026224731, 0.024553541, 0.024787606, 0.020207949, 0.019633548, 0.019734233, 0.019740241, 0.019841564, 0.020238738, 0.019662615, 0.01976259, 0.019767791, 0.019868463, 0.019873409, 0.016007932, 0.013402331, 0.01152694, 0.010112507, 0.010369663, 0.01006747, 0.010069606, 0.010047114, 0.010049144, 0.010125244, 0.010127193, 0.010129096, 0.010130956, 0.010132774, 0.00819968, 0.008104388, 0.008121714, 0.008123053, 0.008140392, 0.006845147, 0.006778739, 0.006790922, 0.006791931, 0.006804113, 0.005875596, 0.005826678, 0.00583571, 0.005836495, 0.005845523, 0.006557553, 0.006557553, 0.006557553, 0.006557553, 0.006557553, 0.006557553, 0.006557553, 0.006557553, 0.006557553, 0.006557553, 0.006557553, 0.006557553, 0.006557553, 0.006557553, 0.006557553, 0.006557553, 0.006557553, 0.006557553, 0.006557553, 0.006557553, 0.006557553, 0.006557553, 0.006557553, 0.006557553, 0.006557553, 0.006557553, 0.006557553, 0.006557553, 0.006557553, 0.006557553),
(24, '天书副本', 24, 0, 0, 0, 0, 0, 0, 0, 0, 0, 0, 0, 0, 0, 0, 0, 0, 0, 0, 0, 0, 0, 0, 0, 0, 0, 0, 0, 0, 0, 0, 0, 0, 0, 0, 0, 0, 0, 0, 0, 0, 0, 0, 0, 0, 0, 0, 0, 0, 0, 0, 0, 0, 0, 0, 0, 0, 0, 0, 0, 0, 0, 0, 0, 0, 0, 0, 0, 0, 0, 0, 0, 0, 0, 0, 0, 0, 0, 0, 0, 0, 0, 0, 0, 0, 0, 0, 0, 0, 0, 0, 0, 0, 0, 0, 0, 0, 0, 0, 0, 0, 0, 0, 0, 0, 0, 0, 0, 0, 0, 0, 0, 0, 0, 0, 0, 0, 0, 0, 0, 0, 0, 0, 0, 0, 0, 0, 0, 0, 0, 0),
(25, '藏宝图', 25, 0.826612903, 0.826612903, 0.826612903, 0.826612903, 0.826612903, 0.826612903, 0.826612903, 0.826612903, 0.826612903, 0.826612903, 0.826612903, 0.826612903, 0.826612903, 0.826612903, 0.826612903, 0.826612903, 0.826612903, 0.826612903, 0.826612903, 0.826612903, 0.826612903, 0.826612903, 0.826612903, 0.826612903, 0.826612903, 0.826612903, 0.826612903, 0.826612903, 0.826612903, 0.826612903, 0.826612903, 0.826612903, 0.826612903, 0.826612903, 0.826612903, 0.826612903, 0.826612903, 0.81300813, 0.826612903, 0.476190476, 0.464563526, 0.321825629, 0.246710526, 0.191666667, 0.178571429, 0.178571429, 0.350702407, 0.342935528, 0.343083174, 0.336299669, 0.336431038, 0.336557639, 0.336679726, 0.189788305, 0.259591212, 0.249952595, 0.250040261, 0.250125063, 0.250207139, 0.17067665, 0.219634027, 0.219702962, 0.219769816, 0.219834684, 0.156071217, 0.189038439, 0.189092073, 0.189144204, 0.13308421, 0.156297758, 0.156339413, 0.106802573, 0.156419454, 0.156457924, 0.1068872, 0.057789421, 0.039447614, 0.029947293, 0.024137027, 0.020216484, 0.03188947, 0.021539124, 0.016262963, 0.013064151, 0.010917606, 0.016273152, 0.010922041, 0.008220079, 0.006590335, 0.005500234, 0.010930349, 0.007320222, 0.005503227, 0.004409171, 0.00367818, 0.008231863, 0.005506939, 0.004137703, 0.003313974, 0.002763904, 0.005464627, 0.005464627, 0.005464627, 0.005464627, 0.005464627, 0.005464627, 0.005464627, 0.005464627, 0.005464627, 0.005464627, 0.005464627, 0.005464627, 0.005464627, 0.005464627, 0.005464627, 0.005464627, 0.005464627, 0.005464627, 0.005464627, 0.005464627, 0.005464627, 0.005464627, 0.005464627, 0.005464627, 0.005464627, 0.005464627, 0.005464627, 0.005464627, 0.005464627, 0.005464627);




